OutputID Hex,Tokens,Unlock Date
0xb191c4bc825ac6983789e50545d5ef07a1d293a98ad974fc9498cb18dff65c000000,7078532,
0xb191c4bc825ac6983789e50545d5ef07a1d293a98ad974fc9498cb18e0f65c000000,1225125,2023-10-18 02:00:00 +0200 CEST
0xb191c4bc825ac6983789e50545d5ef07a1d293a98ad974fc9498cb18e1f65c000000,1225125,2023-11-01 01:00:00 +0100 CET
0xb191c4bc825ac6983789e50545d5ef07a1d293a98ad974fc9498cb18e2f65c000000,1225125,2023-11-15 01:00:00 +0100 CET
0xb191c4bc825ac6983789e50545d5ef07a1d293a98ad974fc9498cb18e3f65c000000,1225125,2023-11-29 01:00:00 +0100 CET
0xb191c4bc825ac6983789e50545d5ef07a1d293a98ad974fc9498cb18e4f65c000000,1225125,2023-12-13 01:00:00 +0100 CET
0xb191c4bc825ac6983789e50545d5ef07a1d293a98ad974fc9498cb18e5f65c000000,1225125,2023-12-27 01:00:00 +0100 CET
0xb191c4bc825ac6983789e50545d5ef07a1d293a98ad974fc9498cb18e6f65c000000,1225125,2024-01-10 01:00:00 +0100 CET
0xb191c4bc825ac6983789e50545d5ef07a1d293a98ad974fc9498cb18e7f65c000000,1225125,2024-01-24 01:00:00 +0100 CET
0xb191c4bc825ac6983789e50545d5ef07a1d293a98ad974fc9498cb18e8f65c000000,1225125,2024-02-07 01:00:00 +0100 CET
0xb191c4bc825ac6983789e50545d5ef07a1d293a98ad974fc9498cb18e9f65c000000,1225125,2024-02-21 01:00:00 +0100 CET
0xb191c4bc825ac6983789e50545d5ef07a1d293a98ad974fc9498cb18eaf65c000000,1225125,2024-03-06 01:00:00 +0100 CET
0xb191c4bc825ac6983789e50545d5ef07a1d293a98ad974fc9498cb18ebf65c000000,1225125,2024-03-20 01:00:00 +0100 CET
0xb191c4bc825ac6983789e50545d5ef07a1d293a98ad974fc9498cb18ecf65c000000,1225125,2024-04-03 02:00:00 +0200 CEST
0xb191c4bc825ac6983789e50545d5ef07a1d293a98ad974fc9498cb18edf65c000000,1225125,2024-04-17 02:00:00 +0200 CEST
0xb191c4bc825ac6983789e50545d5ef07a1d293a98ad974fc9498cb18eef65c000000,1225125,2024-05-01 02:00:00 +0200 CEST
0xb191c4bc825ac6983789e50545d5ef07a1d293a98ad974fc9498cb18eff65c000000,1225125,2024-05-15 02:00:00 +0200 CEST
0xb191c4bc825ac6983789e50545d5ef07a1d293a98ad974fc9498cb18f0f65c000000,1225125,2024-05-29 02:00:00 +0200 CEST
0xb191c4bc825ac6983789e50545d5ef07a1d293a98ad974fc9498cb18f1f65c000000,1225125,2024-06-12 02:00:00 +0200 CEST
0xb191c4bc825ac6983789e50545d5ef07a1d293a98ad974fc9498cb18f2f65c000000,1225125,2024-06-26 02:00:00 +0200 CEST
0xb191c4bc825ac6983789e50545d5ef07a1d293a98ad974fc9498cb18f3f65c000000,1225125,2024-07-10 02:00:00 +0200 CEST
0xb191c4bc825ac6983789e50545d5ef07a1d293a98ad974fc9498cb18f4f65c000000,1225125,2024-07-24 02:00:00 +0200 CEST
0xb191c4bc825ac6983789e50545d5ef07a1d293a98ad974fc9498cb18f5f65c000000,1225125,2024-08-07 02:00:00 +0200 CEST
0xb191c4bc825ac6983789e50545d5ef07a1d293a98ad974fc9498cb18f6f65c000000,1225125,2024-08-21 02:00:00 +0200 CEST
0xb191c4bc825ac6983789e50545d5ef07a1d293a98ad974fc9498cb18f7f65c000000,1225125,2024-09-04 02:00:00 +0200 CEST
0xb191c4bc825ac6983789e50545d5ef07a1d293a98ad974fc9498cb18f8f65c000000,1225125,2024-09-18 02:00:00 +0200 CEST
0xb191c4bc825ac6983789e50545d5ef07a1d293a98ad974fc9498cb18f9f65c000000,1225125,2024-10-02 02:00:00 +0200 CEST
0xb191c4bc825ac6983789e50545d5ef07a1d293a98ad974fc9498cb18faf65c000000,1225125,2024-10-16 02:00:00 +0200 CEST
0xb191c4bc825ac6983789e50545d5ef07a1d293a98ad974fc9498cb18fbf65c000000,1225125,2024-10-30 01:00:00 +0100 CET
0xb191c4bc825ac6983789e50545d5ef07a1d293a98ad974fc9498cb18fcf65c000000,1225125,2024-11-13 01:00:00 +0100 CET
0xb191c4bc825ac6983789e50545d5ef07a1d293a98ad974fc9498cb18fdf65c000000,1225125,2024-11-27 01:00:00 +0100 CET
0xb191c4bc825ac6983789e50545d5ef07a1d293a98ad974fc9498cb18fef65c000000,1225125,2024-12-11 01:00:00 +0100 CET
0xb191c4bc825ac6983789e50545d5ef07a1d293a98ad974fc9498cb18fff65c000000,1225125,2024-12-25 01:00:00 +0100 CET
0xb191c4bc825ac6983789e50545d5ef07a1d293a98ad974fc9498cb1800f75c000000,1225125,2025-01-08 01:00:00 +0100 CET
0xb191c4bc825ac6983789e50545d5ef07a1d293a98ad974fc9498cb1801f75c000000,1225125,2025-01-22 01:00:00 +0100 CET
0xb191c4bc825ac6983789e50545d5ef07a1d293a98ad974fc9498cb1802f75c000000,1225125,2025-02-05 01:00:00 +0100 CET
0xb191c4bc825ac6983789e50545d5ef07a1d293a98ad974fc9498cb1803f75c000000,1225125,2025-02-19 01:00:00 +0100 CET
0xb191c4bc825ac6983789e50545d5ef07a1d293a98ad974fc9498cb1804f75c000000,1225125,2025-03-05 01:00:00 +0100 CET
0xb191c4bc825ac6983789e50545d5ef07a1d293a98ad974fc9498cb1805f75c000000,1225125,2025-03-19 01:00:00 +0100 CET
0xb191c4bc825ac6983789e50545d5ef07a1d293a98ad974fc9498cb1806f75c000000,1225125,2025-04-02 02:00:00 +0200 CEST
0xb191c4bc825ac6983789e50545d5ef07a1d293a98ad974fc9498cb1807f75c000000,1225125,2025-04-16 02:00:00 +0200 CEST
0xb191c4bc825ac6983789e50545d5ef07a1d293a98ad974fc9498cb1808f75c000000,1225125,2025-04-30 02:00:00 +0200 CEST
0xb191c4bc825ac6983789e50545d5ef07a1d293a98ad974fc9498cb1809f75c000000,1225125,2025-05-14 02:00:00 +0200 CEST
0xb191c4bc825ac6983789e50545d5ef07a1d293a98ad974fc9498cb180af75c000000,1225125,2025-05-28 02:00:00 +0200 CEST
0xb191c4bc825ac6983789e50545d5ef07a1d293a98ad974fc9498cb180bf75c000000,1225125,2025-06-11 02:00:00 +0200 CEST
0xb191c4bc825ac6983789e50545d5ef07a1d293a98ad974fc9498cb180cf75c000000,1225125,2025-06-25 02:00:00 +0200 CEST
0xb191c4bc825ac6983789e50545d5ef07a1d293a98ad974fc9498cb180df75c000000,1225125,2025-07-09 02:00:00 +0200 CEST
0xb191c4bc825ac6983789e50545d5ef07a1d293a98ad974fc9498cb180ef75c000000,1225125,2025-07-23 02:00:00 +0200 CEST
0xb191c4bc825ac6983789e50545d5ef07a1d293a98ad974fc9498cb180ff75c000000,1225125,2025-08-06 02:00:00 +0200 CEST
0xb191c4bc825ac6983789e50545d5ef07a1d293a98ad974fc9498cb1810f75c000000,1225125,2025-08-20 02:00:00 +0200 CEST
0xb191c4bc825ac6983789e50545d5ef07a1d293a98ad974fc9498cb1811f75c000000,1225125,2025-09-03 02:00:00 +0200 CEST
0xb191c4bc825ac6983789e50545d5ef07a1d293a98ad974fc9498cb1812f75c000000,1225125,2025-09-17 02:00:00 +0200 CEST
0xb191c4bc825ac6983789e50545d5ef07a1d293a98ad974fc9498cb1813f75c000000,1225125,2025-10-01 02:00:00 +0200 CEST
