OutputID Hex,Tokens,Unlock Date
0xb191c4bc825ac6983789e50545d5ef07a1d293a98ad974fc9498cb18a23858000000,455316,
0xb191c4bc825ac6983789e50545d5ef07a1d293a98ad974fc9498cb18a33858000000,78796,2023-10-18 02:00:00 +0200 CEST
0xb191c4bc825ac6983789e50545d5ef07a1d293a98ad974fc9498cb18a43858000000,78796,2023-11-01 01:00:00 +0100 CET
0xb191c4bc825ac6983789e50545d5ef07a1d293a98ad974fc9498cb18a53858000000,78796,2023-11-15 01:00:00 +0100 CET
0xb191c4bc825ac6983789e50545d5ef07a1d293a98ad974fc9498cb18a63858000000,78796,2023-11-29 01:00:00 +0100 CET
0xb191c4bc825ac6983789e50545d5ef07a1d293a98ad974fc9498cb18a73858000000,78796,2023-12-13 01:00:00 +0100 CET
0xb191c4bc825ac6983789e50545d5ef07a1d293a98ad974fc9498cb18a83858000000,78796,2023-12-27 01:00:00 +0100 CET
0xb191c4bc825ac6983789e50545d5ef07a1d293a98ad974fc9498cb18a93858000000,78796,2024-01-10 01:00:00 +0100 CET
0xb191c4bc825ac6983789e50545d5ef07a1d293a98ad974fc9498cb18aa3858000000,78796,2024-01-24 01:00:00 +0100 CET
0xb191c4bc825ac6983789e50545d5ef07a1d293a98ad974fc9498cb18ab3858000000,78796,2024-02-07 01:00:00 +0100 CET
0xb191c4bc825ac6983789e50545d5ef07a1d293a98ad974fc9498cb18ac3858000000,78796,2024-02-21 01:00:00 +0100 CET
0xb191c4bc825ac6983789e50545d5ef07a1d293a98ad974fc9498cb18ad3858000000,78796,2024-03-06 01:00:00 +0100 CET
0xb191c4bc825ac6983789e50545d5ef07a1d293a98ad974fc9498cb18ae3858000000,78796,2024-03-20 01:00:00 +0100 CET
0xb191c4bc825ac6983789e50545d5ef07a1d293a98ad974fc9498cb18af3858000000,78796,2024-04-03 02:00:00 +0200 CEST
0xb191c4bc825ac6983789e50545d5ef07a1d293a98ad974fc9498cb18b03858000000,78796,2024-04-17 02:00:00 +0200 CEST
0xb191c4bc825ac6983789e50545d5ef07a1d293a98ad974fc9498cb18b13858000000,78796,2024-05-01 02:00:00 +0200 CEST
0xb191c4bc825ac6983789e50545d5ef07a1d293a98ad974fc9498cb18b23858000000,78796,2024-05-15 02:00:00 +0200 CEST
0xb191c4bc825ac6983789e50545d5ef07a1d293a98ad974fc9498cb18b33858000000,78796,2024-05-29 02:00:00 +0200 CEST
0xb191c4bc825ac6983789e50545d5ef07a1d293a98ad974fc9498cb18b43858000000,78796,2024-06-12 02:00:00 +0200 CEST
0xb191c4bc825ac6983789e50545d5ef07a1d293a98ad974fc9498cb18b53858000000,78796,2024-06-26 02:00:00 +0200 CEST
0xb191c4bc825ac6983789e50545d5ef07a1d293a98ad974fc9498cb18b63858000000,78796,2024-07-10 02:00:00 +0200 CEST
0xb191c4bc825ac6983789e50545d5ef07a1d293a98ad974fc9498cb18b73858000000,78796,2024-07-24 02:00:00 +0200 CEST
0xb191c4bc825ac6983789e50545d5ef07a1d293a98ad974fc9498cb18b83858000000,78796,2024-08-07 02:00:00 +0200 CEST
0xb191c4bc825ac6983789e50545d5ef07a1d293a98ad974fc9498cb18b93858000000,78796,2024-08-21 02:00:00 +0200 CEST
0xb191c4bc825ac6983789e50545d5ef07a1d293a98ad974fc9498cb18ba3858000000,78796,2024-09-04 02:00:00 +0200 CEST
0xb191c4bc825ac6983789e50545d5ef07a1d293a98ad974fc9498cb18bb3858000000,78796,2024-09-18 02:00:00 +0200 CEST
0xb191c4bc825ac6983789e50545d5ef07a1d293a98ad974fc9498cb18bc3858000000,78796,2024-10-02 02:00:00 +0200 CEST
0xb191c4bc825ac6983789e50545d5ef07a1d293a98ad974fc9498cb18bd3858000000,78796,2024-10-16 02:00:00 +0200 CEST
0xb191c4bc825ac6983789e50545d5ef07a1d293a98ad974fc9498cb18be3858000000,78796,2024-10-30 01:00:00 +0100 CET
0xb191c4bc825ac6983789e50545d5ef07a1d293a98ad974fc9498cb18bf3858000000,78796,2024-11-13 01:00:00 +0100 CET
0xb191c4bc825ac6983789e50545d5ef07a1d293a98ad974fc9498cb18c03858000000,78796,2024-11-27 01:00:00 +0100 CET
0xb191c4bc825ac6983789e50545d5ef07a1d293a98ad974fc9498cb18c13858000000,78796,2024-12-11 01:00:00 +0100 CET
0xb191c4bc825ac6983789e50545d5ef07a1d293a98ad974fc9498cb18c23858000000,78796,2024-12-25 01:00:00 +0100 CET
0xb191c4bc825ac6983789e50545d5ef07a1d293a98ad974fc9498cb18c33858000000,78796,2025-01-08 01:00:00 +0100 CET
0xb191c4bc825ac6983789e50545d5ef07a1d293a98ad974fc9498cb18c43858000000,78796,2025-01-22 01:00:00 +0100 CET
0xb191c4bc825ac6983789e50545d5ef07a1d293a98ad974fc9498cb18c53858000000,78796,2025-02-05 01:00:00 +0100 CET
0xb191c4bc825ac6983789e50545d5ef07a1d293a98ad974fc9498cb18c63858000000,78796,2025-02-19 01:00:00 +0100 CET
0xb191c4bc825ac6983789e50545d5ef07a1d293a98ad974fc9498cb18c73858000000,78796,2025-03-05 01:00:00 +0100 CET
0xb191c4bc825ac6983789e50545d5ef07a1d293a98ad974fc9498cb18c83858000000,78796,2025-03-19 01:00:00 +0100 CET
0xb191c4bc825ac6983789e50545d5ef07a1d293a98ad974fc9498cb18c93858000000,78796,2025-04-02 02:00:00 +0200 CEST
0xb191c4bc825ac6983789e50545d5ef07a1d293a98ad974fc9498cb18ca3858000000,78796,2025-04-16 02:00:00 +0200 CEST
0xb191c4bc825ac6983789e50545d5ef07a1d293a98ad974fc9498cb18cb3858000000,78796,2025-04-30 02:00:00 +0200 CEST
0xb191c4bc825ac6983789e50545d5ef07a1d293a98ad974fc9498cb18cc3858000000,78796,2025-05-14 02:00:00 +0200 CEST
0xb191c4bc825ac6983789e50545d5ef07a1d293a98ad974fc9498cb18cd3858000000,78796,2025-05-28 02:00:00 +0200 CEST
0xb191c4bc825ac6983789e50545d5ef07a1d293a98ad974fc9498cb18ce3858000000,78796,2025-06-11 02:00:00 +0200 CEST
0xb191c4bc825ac6983789e50545d5ef07a1d293a98ad974fc9498cb18cf3858000000,78796,2025-06-25 02:00:00 +0200 CEST
0xb191c4bc825ac6983789e50545d5ef07a1d293a98ad974fc9498cb18d03858000000,78796,2025-07-09 02:00:00 +0200 CEST
0xb191c4bc825ac6983789e50545d5ef07a1d293a98ad974fc9498cb18d13858000000,78796,2025-07-23 02:00:00 +0200 CEST
0xb191c4bc825ac6983789e50545d5ef07a1d293a98ad974fc9498cb18d23858000000,78796,2025-08-06 02:00:00 +0200 CEST
0xb191c4bc825ac6983789e50545d5ef07a1d293a98ad974fc9498cb18d33858000000,78796,2025-08-20 02:00:00 +0200 CEST
0xb191c4bc825ac6983789e50545d5ef07a1d293a98ad974fc9498cb18d43858000000,78796,2025-09-03 02:00:00 +0200 CEST
0xb191c4bc825ac6983789e50545d5ef07a1d293a98ad974fc9498cb18d53858000000,78796,2025-09-17 02:00:00 +0200 CEST
0xb191c4bc825ac6983789e50545d5ef07a1d293a98ad974fc9498cb18d63858000000,78796,2025-10-01 02:00:00 +0200 CEST
