OutputID Hex,Tokens,Unlock Date
0xb191c4bc825ac6983789e50545d5ef07a1d293a98ad974fc9498cb18656a5d000000,79839,
0xb191c4bc825ac6983789e50545d5ef07a1d293a98ad974fc9498cb18666a5d000000,13816,2023-10-18 02:00:00 +0200 CEST
0xb191c4bc825ac6983789e50545d5ef07a1d293a98ad974fc9498cb18676a5d000000,13816,2023-11-01 01:00:00 +0100 CET
0xb191c4bc825ac6983789e50545d5ef07a1d293a98ad974fc9498cb18686a5d000000,13816,2023-11-15 01:00:00 +0100 CET
0xb191c4bc825ac6983789e50545d5ef07a1d293a98ad974fc9498cb18696a5d000000,13816,2023-11-29 01:00:00 +0100 CET
0xb191c4bc825ac6983789e50545d5ef07a1d293a98ad974fc9498cb186a6a5d000000,13816,2023-12-13 01:00:00 +0100 CET
0xb191c4bc825ac6983789e50545d5ef07a1d293a98ad974fc9498cb186b6a5d000000,13816,2023-12-27 01:00:00 +0100 CET
0xb191c4bc825ac6983789e50545d5ef07a1d293a98ad974fc9498cb186c6a5d000000,13816,2024-01-10 01:00:00 +0100 CET
0xb191c4bc825ac6983789e50545d5ef07a1d293a98ad974fc9498cb186d6a5d000000,13816,2024-01-24 01:00:00 +0100 CET
0xb191c4bc825ac6983789e50545d5ef07a1d293a98ad974fc9498cb186e6a5d000000,13816,2024-02-07 01:00:00 +0100 CET
0xb191c4bc825ac6983789e50545d5ef07a1d293a98ad974fc9498cb186f6a5d000000,13816,2024-02-21 01:00:00 +0100 CET
0xb191c4bc825ac6983789e50545d5ef07a1d293a98ad974fc9498cb18706a5d000000,13816,2024-03-06 01:00:00 +0100 CET
0xb191c4bc825ac6983789e50545d5ef07a1d293a98ad974fc9498cb18716a5d000000,13816,2024-03-20 01:00:00 +0100 CET
0xb191c4bc825ac6983789e50545d5ef07a1d293a98ad974fc9498cb18726a5d000000,13816,2024-04-03 02:00:00 +0200 CEST
0xb191c4bc825ac6983789e50545d5ef07a1d293a98ad974fc9498cb18736a5d000000,13816,2024-04-17 02:00:00 +0200 CEST
0xb191c4bc825ac6983789e50545d5ef07a1d293a98ad974fc9498cb18746a5d000000,13816,2024-05-01 02:00:00 +0200 CEST
0xb191c4bc825ac6983789e50545d5ef07a1d293a98ad974fc9498cb18756a5d000000,13816,2024-05-15 02:00:00 +0200 CEST
0xb191c4bc825ac6983789e50545d5ef07a1d293a98ad974fc9498cb18766a5d000000,13816,2024-05-29 02:00:00 +0200 CEST
0xb191c4bc825ac6983789e50545d5ef07a1d293a98ad974fc9498cb18776a5d000000,13816,2024-06-12 02:00:00 +0200 CEST
0xb191c4bc825ac6983789e50545d5ef07a1d293a98ad974fc9498cb18786a5d000000,13816,2024-06-26 02:00:00 +0200 CEST
0xb191c4bc825ac6983789e50545d5ef07a1d293a98ad974fc9498cb18796a5d000000,13816,2024-07-10 02:00:00 +0200 CEST
0xb191c4bc825ac6983789e50545d5ef07a1d293a98ad974fc9498cb187a6a5d000000,13816,2024-07-24 02:00:00 +0200 CEST
0xb191c4bc825ac6983789e50545d5ef07a1d293a98ad974fc9498cb187b6a5d000000,13816,2024-08-07 02:00:00 +0200 CEST
0xb191c4bc825ac6983789e50545d5ef07a1d293a98ad974fc9498cb187c6a5d000000,13816,2024-08-21 02:00:00 +0200 CEST
0xb191c4bc825ac6983789e50545d5ef07a1d293a98ad974fc9498cb187d6a5d000000,13816,2024-09-04 02:00:00 +0200 CEST
0xb191c4bc825ac6983789e50545d5ef07a1d293a98ad974fc9498cb187e6a5d000000,13816,2024-09-18 02:00:00 +0200 CEST
0xb191c4bc825ac6983789e50545d5ef07a1d293a98ad974fc9498cb187f6a5d000000,13816,2024-10-02 02:00:00 +0200 CEST
0xb191c4bc825ac6983789e50545d5ef07a1d293a98ad974fc9498cb18806a5d000000,13816,2024-10-16 02:00:00 +0200 CEST
0xb191c4bc825ac6983789e50545d5ef07a1d293a98ad974fc9498cb18816a5d000000,13816,2024-10-30 01:00:00 +0100 CET
0xb191c4bc825ac6983789e50545d5ef07a1d293a98ad974fc9498cb18826a5d000000,13816,2024-11-13 01:00:00 +0100 CET
0xb191c4bc825ac6983789e50545d5ef07a1d293a98ad974fc9498cb18836a5d000000,13816,2024-11-27 01:00:00 +0100 CET
0xb191c4bc825ac6983789e50545d5ef07a1d293a98ad974fc9498cb18846a5d000000,13816,2024-12-11 01:00:00 +0100 CET
0xb191c4bc825ac6983789e50545d5ef07a1d293a98ad974fc9498cb18856a5d000000,13816,2024-12-25 01:00:00 +0100 CET
0xb191c4bc825ac6983789e50545d5ef07a1d293a98ad974fc9498cb18866a5d000000,13816,2025-01-08 01:00:00 +0100 CET
0xb191c4bc825ac6983789e50545d5ef07a1d293a98ad974fc9498cb18876a5d000000,13816,2025-01-22 01:00:00 +0100 CET
0xb191c4bc825ac6983789e50545d5ef07a1d293a98ad974fc9498cb18886a5d000000,13816,2025-02-05 01:00:00 +0100 CET
0xb191c4bc825ac6983789e50545d5ef07a1d293a98ad974fc9498cb18896a5d000000,13816,2025-02-19 01:00:00 +0100 CET
0xb191c4bc825ac6983789e50545d5ef07a1d293a98ad974fc9498cb188a6a5d000000,13816,2025-03-05 01:00:00 +0100 CET
0xb191c4bc825ac6983789e50545d5ef07a1d293a98ad974fc9498cb188b6a5d000000,13816,2025-03-19 01:00:00 +0100 CET
0xb191c4bc825ac6983789e50545d5ef07a1d293a98ad974fc9498cb188c6a5d000000,13816,2025-04-02 02:00:00 +0200 CEST
0xb191c4bc825ac6983789e50545d5ef07a1d293a98ad974fc9498cb188d6a5d000000,13816,2025-04-16 02:00:00 +0200 CEST
0xb191c4bc825ac6983789e50545d5ef07a1d293a98ad974fc9498cb188e6a5d000000,13816,2025-04-30 02:00:00 +0200 CEST
0xb191c4bc825ac6983789e50545d5ef07a1d293a98ad974fc9498cb188f6a5d000000,13816,2025-05-14 02:00:00 +0200 CEST
0xb191c4bc825ac6983789e50545d5ef07a1d293a98ad974fc9498cb18906a5d000000,13816,2025-05-28 02:00:00 +0200 CEST
0xb191c4bc825ac6983789e50545d5ef07a1d293a98ad974fc9498cb18916a5d000000,13816,2025-06-11 02:00:00 +0200 CEST
0xb191c4bc825ac6983789e50545d5ef07a1d293a98ad974fc9498cb18926a5d000000,13816,2025-06-25 02:00:00 +0200 CEST
0xb191c4bc825ac6983789e50545d5ef07a1d293a98ad974fc9498cb18936a5d000000,13816,2025-07-09 02:00:00 +0200 CEST
0xb191c4bc825ac6983789e50545d5ef07a1d293a98ad974fc9498cb18946a5d000000,13816,2025-07-23 02:00:00 +0200 CEST
0xb191c4bc825ac6983789e50545d5ef07a1d293a98ad974fc9498cb18956a5d000000,13816,2025-08-06 02:00:00 +0200 CEST
0xb191c4bc825ac6983789e50545d5ef07a1d293a98ad974fc9498cb18966a5d000000,13816,2025-08-20 02:00:00 +0200 CEST
0xb191c4bc825ac6983789e50545d5ef07a1d293a98ad974fc9498cb18976a5d000000,13816,2025-09-03 02:00:00 +0200 CEST
0xb191c4bc825ac6983789e50545d5ef07a1d293a98ad974fc9498cb18986a5d000000,13816,2025-09-17 02:00:00 +0200 CEST
0xb191c4bc825ac6983789e50545d5ef07a1d293a98ad974fc9498cb18996a5d000000,13816,2025-10-01 02:00:00 +0200 CEST
