OutputID Hex,Tokens,Unlock Date
0xb191c4bc825ac6983789e50545d5ef07a1d293a98ad974fc9498cb1856a41b000000,1816287,
0xb191c4bc825ac6983789e50545d5ef07a1d293a98ad974fc9498cb1857a41b000000,314349,2023-10-18 02:00:00 +0200 CEST
0xb191c4bc825ac6983789e50545d5ef07a1d293a98ad974fc9498cb1858a41b000000,314349,2023-11-01 01:00:00 +0100 CET
0xb191c4bc825ac6983789e50545d5ef07a1d293a98ad974fc9498cb1859a41b000000,314349,2023-11-15 01:00:00 +0100 CET
0xb191c4bc825ac6983789e50545d5ef07a1d293a98ad974fc9498cb185aa41b000000,314349,2023-11-29 01:00:00 +0100 CET
0xb191c4bc825ac6983789e50545d5ef07a1d293a98ad974fc9498cb185ba41b000000,314349,2023-12-13 01:00:00 +0100 CET
0xb191c4bc825ac6983789e50545d5ef07a1d293a98ad974fc9498cb185ca41b000000,314349,2023-12-27 01:00:00 +0100 CET
0xb191c4bc825ac6983789e50545d5ef07a1d293a98ad974fc9498cb185da41b000000,314349,2024-01-10 01:00:00 +0100 CET
0xb191c4bc825ac6983789e50545d5ef07a1d293a98ad974fc9498cb185ea41b000000,314349,2024-01-24 01:00:00 +0100 CET
0xb191c4bc825ac6983789e50545d5ef07a1d293a98ad974fc9498cb185fa41b000000,314349,2024-02-07 01:00:00 +0100 CET
0xb191c4bc825ac6983789e50545d5ef07a1d293a98ad974fc9498cb1860a41b000000,314349,2024-02-21 01:00:00 +0100 CET
0xb191c4bc825ac6983789e50545d5ef07a1d293a98ad974fc9498cb1861a41b000000,314349,2024-03-06 01:00:00 +0100 CET
0xb191c4bc825ac6983789e50545d5ef07a1d293a98ad974fc9498cb1862a41b000000,314349,2024-03-20 01:00:00 +0100 CET
0xb191c4bc825ac6983789e50545d5ef07a1d293a98ad974fc9498cb1863a41b000000,314349,2024-04-03 02:00:00 +0200 CEST
0xb191c4bc825ac6983789e50545d5ef07a1d293a98ad974fc9498cb1864a41b000000,314349,2024-04-17 02:00:00 +0200 CEST
0xb191c4bc825ac6983789e50545d5ef07a1d293a98ad974fc9498cb1865a41b000000,314349,2024-05-01 02:00:00 +0200 CEST
0xb191c4bc825ac6983789e50545d5ef07a1d293a98ad974fc9498cb1866a41b000000,314349,2024-05-15 02:00:00 +0200 CEST
0xb191c4bc825ac6983789e50545d5ef07a1d293a98ad974fc9498cb1867a41b000000,314349,2024-05-29 02:00:00 +0200 CEST
0xb191c4bc825ac6983789e50545d5ef07a1d293a98ad974fc9498cb1868a41b000000,314349,2024-06-12 02:00:00 +0200 CEST
0xb191c4bc825ac6983789e50545d5ef07a1d293a98ad974fc9498cb1869a41b000000,314349,2024-06-26 02:00:00 +0200 CEST
0xb191c4bc825ac6983789e50545d5ef07a1d293a98ad974fc9498cb186aa41b000000,314349,2024-07-10 02:00:00 +0200 CEST
0xb191c4bc825ac6983789e50545d5ef07a1d293a98ad974fc9498cb186ba41b000000,314349,2024-07-24 02:00:00 +0200 CEST
0xb191c4bc825ac6983789e50545d5ef07a1d293a98ad974fc9498cb186ca41b000000,314349,2024-08-07 02:00:00 +0200 CEST
0xb191c4bc825ac6983789e50545d5ef07a1d293a98ad974fc9498cb186da41b000000,314349,2024-08-21 02:00:00 +0200 CEST
0xb191c4bc825ac6983789e50545d5ef07a1d293a98ad974fc9498cb186ea41b000000,314349,2024-09-04 02:00:00 +0200 CEST
0xb191c4bc825ac6983789e50545d5ef07a1d293a98ad974fc9498cb186fa41b000000,314349,2024-09-18 02:00:00 +0200 CEST
0xb191c4bc825ac6983789e50545d5ef07a1d293a98ad974fc9498cb1870a41b000000,314349,2024-10-02 02:00:00 +0200 CEST
0xb191c4bc825ac6983789e50545d5ef07a1d293a98ad974fc9498cb1871a41b000000,314349,2024-10-16 02:00:00 +0200 CEST
0xb191c4bc825ac6983789e50545d5ef07a1d293a98ad974fc9498cb1872a41b000000,314349,2024-10-30 01:00:00 +0100 CET
0xb191c4bc825ac6983789e50545d5ef07a1d293a98ad974fc9498cb1873a41b000000,314349,2024-11-13 01:00:00 +0100 CET
0xb191c4bc825ac6983789e50545d5ef07a1d293a98ad974fc9498cb1874a41b000000,314349,2024-11-27 01:00:00 +0100 CET
0xb191c4bc825ac6983789e50545d5ef07a1d293a98ad974fc9498cb1875a41b000000,314349,2024-12-11 01:00:00 +0100 CET
0xb191c4bc825ac6983789e50545d5ef07a1d293a98ad974fc9498cb1876a41b000000,314349,2024-12-25 01:00:00 +0100 CET
0xb191c4bc825ac6983789e50545d5ef07a1d293a98ad974fc9498cb1877a41b000000,314349,2025-01-08 01:00:00 +0100 CET
0xb191c4bc825ac6983789e50545d5ef07a1d293a98ad974fc9498cb1878a41b000000,314349,2025-01-22 01:00:00 +0100 CET
0xb191c4bc825ac6983789e50545d5ef07a1d293a98ad974fc9498cb1879a41b000000,314349,2025-02-05 01:00:00 +0100 CET
0xb191c4bc825ac6983789e50545d5ef07a1d293a98ad974fc9498cb187aa41b000000,314349,2025-02-19 01:00:00 +0100 CET
0xb191c4bc825ac6983789e50545d5ef07a1d293a98ad974fc9498cb187ba41b000000,314349,2025-03-05 01:00:00 +0100 CET
0xb191c4bc825ac6983789e50545d5ef07a1d293a98ad974fc9498cb187ca41b000000,314349,2025-03-19 01:00:00 +0100 CET
0xb191c4bc825ac6983789e50545d5ef07a1d293a98ad974fc9498cb187da41b000000,314349,2025-04-02 02:00:00 +0200 CEST
0xb191c4bc825ac6983789e50545d5ef07a1d293a98ad974fc9498cb187ea41b000000,314349,2025-04-16 02:00:00 +0200 CEST
0xb191c4bc825ac6983789e50545d5ef07a1d293a98ad974fc9498cb187fa41b000000,314349,2025-04-30 02:00:00 +0200 CEST
0xb191c4bc825ac6983789e50545d5ef07a1d293a98ad974fc9498cb1880a41b000000,314349,2025-05-14 02:00:00 +0200 CEST
0xb191c4bc825ac6983789e50545d5ef07a1d293a98ad974fc9498cb1881a41b000000,314349,2025-05-28 02:00:00 +0200 CEST
0xb191c4bc825ac6983789e50545d5ef07a1d293a98ad974fc9498cb1882a41b000000,314349,2025-06-11 02:00:00 +0200 CEST
0xb191c4bc825ac6983789e50545d5ef07a1d293a98ad974fc9498cb1883a41b000000,314349,2025-06-25 02:00:00 +0200 CEST
0xb191c4bc825ac6983789e50545d5ef07a1d293a98ad974fc9498cb1884a41b000000,314349,2025-07-09 02:00:00 +0200 CEST
0xb191c4bc825ac6983789e50545d5ef07a1d293a98ad974fc9498cb1885a41b000000,314349,2025-07-23 02:00:00 +0200 CEST
0xb191c4bc825ac6983789e50545d5ef07a1d293a98ad974fc9498cb1886a41b000000,314349,2025-08-06 02:00:00 +0200 CEST
0xb191c4bc825ac6983789e50545d5ef07a1d293a98ad974fc9498cb1887a41b000000,314349,2025-08-20 02:00:00 +0200 CEST
0xb191c4bc825ac6983789e50545d5ef07a1d293a98ad974fc9498cb1888a41b000000,314349,2025-09-03 02:00:00 +0200 CEST
0xb191c4bc825ac6983789e50545d5ef07a1d293a98ad974fc9498cb1889a41b000000,314349,2025-09-17 02:00:00 +0200 CEST
0xb191c4bc825ac6983789e50545d5ef07a1d293a98ad974fc9498cb188aa41b000000,314349,2025-10-01 02:00:00 +0200 CEST
