OutputID Hex,Tokens,Unlock Date
0xb191c4bc825ac6983789e50545d5ef07a1d293a98ad974fc9498cb18ca3f44000000,277220,
0xb191c4bc825ac6983789e50545d5ef07a1d293a98ad974fc9498cb18cb3f44000000,47974,2023-10-18 02:00:00 +0200 CEST
0xb191c4bc825ac6983789e50545d5ef07a1d293a98ad974fc9498cb18cc3f44000000,47974,2023-11-01 01:00:00 +0100 CET
0xb191c4bc825ac6983789e50545d5ef07a1d293a98ad974fc9498cb18cd3f44000000,47974,2023-11-15 01:00:00 +0100 CET
0xb191c4bc825ac6983789e50545d5ef07a1d293a98ad974fc9498cb18ce3f44000000,47974,2023-11-29 01:00:00 +0100 CET
0xb191c4bc825ac6983789e50545d5ef07a1d293a98ad974fc9498cb18cf3f44000000,47974,2023-12-13 01:00:00 +0100 CET
0xb191c4bc825ac6983789e50545d5ef07a1d293a98ad974fc9498cb18d03f44000000,47974,2023-12-27 01:00:00 +0100 CET
0xb191c4bc825ac6983789e50545d5ef07a1d293a98ad974fc9498cb18d13f44000000,47974,2024-01-10 01:00:00 +0100 CET
0xb191c4bc825ac6983789e50545d5ef07a1d293a98ad974fc9498cb18d23f44000000,47974,2024-01-24 01:00:00 +0100 CET
0xb191c4bc825ac6983789e50545d5ef07a1d293a98ad974fc9498cb18d33f44000000,47974,2024-02-07 01:00:00 +0100 CET
0xb191c4bc825ac6983789e50545d5ef07a1d293a98ad974fc9498cb18d43f44000000,47974,2024-02-21 01:00:00 +0100 CET
0xb191c4bc825ac6983789e50545d5ef07a1d293a98ad974fc9498cb18d53f44000000,47974,2024-03-06 01:00:00 +0100 CET
0xb191c4bc825ac6983789e50545d5ef07a1d293a98ad974fc9498cb18d63f44000000,47974,2024-03-20 01:00:00 +0100 CET
0xb191c4bc825ac6983789e50545d5ef07a1d293a98ad974fc9498cb18d73f44000000,47974,2024-04-03 02:00:00 +0200 CEST
0xb191c4bc825ac6983789e50545d5ef07a1d293a98ad974fc9498cb18d83f44000000,47974,2024-04-17 02:00:00 +0200 CEST
0xb191c4bc825ac6983789e50545d5ef07a1d293a98ad974fc9498cb18d93f44000000,47974,2024-05-01 02:00:00 +0200 CEST
0xb191c4bc825ac6983789e50545d5ef07a1d293a98ad974fc9498cb18da3f44000000,47974,2024-05-15 02:00:00 +0200 CEST
0xb191c4bc825ac6983789e50545d5ef07a1d293a98ad974fc9498cb18db3f44000000,47974,2024-05-29 02:00:00 +0200 CEST
0xb191c4bc825ac6983789e50545d5ef07a1d293a98ad974fc9498cb18dc3f44000000,47974,2024-06-12 02:00:00 +0200 CEST
0xb191c4bc825ac6983789e50545d5ef07a1d293a98ad974fc9498cb18dd3f44000000,47974,2024-06-26 02:00:00 +0200 CEST
0xb191c4bc825ac6983789e50545d5ef07a1d293a98ad974fc9498cb18de3f44000000,47974,2024-07-10 02:00:00 +0200 CEST
0xb191c4bc825ac6983789e50545d5ef07a1d293a98ad974fc9498cb18df3f44000000,47974,2024-07-24 02:00:00 +0200 CEST
0xb191c4bc825ac6983789e50545d5ef07a1d293a98ad974fc9498cb18e03f44000000,47974,2024-08-07 02:00:00 +0200 CEST
0xb191c4bc825ac6983789e50545d5ef07a1d293a98ad974fc9498cb18e13f44000000,47974,2024-08-21 02:00:00 +0200 CEST
0xb191c4bc825ac6983789e50545d5ef07a1d293a98ad974fc9498cb18e23f44000000,47974,2024-09-04 02:00:00 +0200 CEST
0xb191c4bc825ac6983789e50545d5ef07a1d293a98ad974fc9498cb18e33f44000000,47974,2024-09-18 02:00:00 +0200 CEST
0xb191c4bc825ac6983789e50545d5ef07a1d293a98ad974fc9498cb18e43f44000000,47974,2024-10-02 02:00:00 +0200 CEST
0xb191c4bc825ac6983789e50545d5ef07a1d293a98ad974fc9498cb18e53f44000000,47974,2024-10-16 02:00:00 +0200 CEST
0xb191c4bc825ac6983789e50545d5ef07a1d293a98ad974fc9498cb18e63f44000000,47974,2024-10-30 01:00:00 +0100 CET
0xb191c4bc825ac6983789e50545d5ef07a1d293a98ad974fc9498cb18e73f44000000,47974,2024-11-13 01:00:00 +0100 CET
0xb191c4bc825ac6983789e50545d5ef07a1d293a98ad974fc9498cb18e83f44000000,47974,2024-11-27 01:00:00 +0100 CET
0xb191c4bc825ac6983789e50545d5ef07a1d293a98ad974fc9498cb18e93f44000000,47974,2024-12-11 01:00:00 +0100 CET
0xb191c4bc825ac6983789e50545d5ef07a1d293a98ad974fc9498cb18ea3f44000000,47974,2024-12-25 01:00:00 +0100 CET
0xb191c4bc825ac6983789e50545d5ef07a1d293a98ad974fc9498cb18eb3f44000000,47974,2025-01-08 01:00:00 +0100 CET
0xb191c4bc825ac6983789e50545d5ef07a1d293a98ad974fc9498cb18ec3f44000000,47974,2025-01-22 01:00:00 +0100 CET
0xb191c4bc825ac6983789e50545d5ef07a1d293a98ad974fc9498cb18ed3f44000000,47974,2025-02-05 01:00:00 +0100 CET
0xb191c4bc825ac6983789e50545d5ef07a1d293a98ad974fc9498cb18ee3f44000000,47974,2025-02-19 01:00:00 +0100 CET
0xb191c4bc825ac6983789e50545d5ef07a1d293a98ad974fc9498cb18ef3f44000000,47974,2025-03-05 01:00:00 +0100 CET
0xb191c4bc825ac6983789e50545d5ef07a1d293a98ad974fc9498cb18f03f44000000,47974,2025-03-19 01:00:00 +0100 CET
0xb191c4bc825ac6983789e50545d5ef07a1d293a98ad974fc9498cb18f13f44000000,47974,2025-04-02 02:00:00 +0200 CEST
0xb191c4bc825ac6983789e50545d5ef07a1d293a98ad974fc9498cb18f23f44000000,47974,2025-04-16 02:00:00 +0200 CEST
0xb191c4bc825ac6983789e50545d5ef07a1d293a98ad974fc9498cb18f33f44000000,47974,2025-04-30 02:00:00 +0200 CEST
0xb191c4bc825ac6983789e50545d5ef07a1d293a98ad974fc9498cb18f43f44000000,47974,2025-05-14 02:00:00 +0200 CEST
0xb191c4bc825ac6983789e50545d5ef07a1d293a98ad974fc9498cb18f53f44000000,47974,2025-05-28 02:00:00 +0200 CEST
0xb191c4bc825ac6983789e50545d5ef07a1d293a98ad974fc9498cb18f63f44000000,47974,2025-06-11 02:00:00 +0200 CEST
0xb191c4bc825ac6983789e50545d5ef07a1d293a98ad974fc9498cb18f73f44000000,47974,2025-06-25 02:00:00 +0200 CEST
0xb191c4bc825ac6983789e50545d5ef07a1d293a98ad974fc9498cb18f83f44000000,47974,2025-07-09 02:00:00 +0200 CEST
0xb191c4bc825ac6983789e50545d5ef07a1d293a98ad974fc9498cb18f93f44000000,47974,2025-07-23 02:00:00 +0200 CEST
0xb191c4bc825ac6983789e50545d5ef07a1d293a98ad974fc9498cb18fa3f44000000,47974,2025-08-06 02:00:00 +0200 CEST
0xb191c4bc825ac6983789e50545d5ef07a1d293a98ad974fc9498cb18fb3f44000000,47974,2025-08-20 02:00:00 +0200 CEST
0xb191c4bc825ac6983789e50545d5ef07a1d293a98ad974fc9498cb18fc3f44000000,47974,2025-09-03 02:00:00 +0200 CEST
0xb191c4bc825ac6983789e50545d5ef07a1d293a98ad974fc9498cb18fd3f44000000,47974,2025-09-17 02:00:00 +0200 CEST
0xb191c4bc825ac6983789e50545d5ef07a1d293a98ad974fc9498cb18fe3f44000000,47974,2025-10-01 02:00:00 +0200 CEST
